16064074  0  11  1.0000 0.0005  1.0000 0.0005
16064075  0  11  1.0000 0.0005  1.0000 0.0005
16064076  0  11  1.0000 0.0005  1.0000 0.0005
16064077  0  11  1.0000 0.0005  1.0000 0.0005
16064078  0  11  1.0000 0.0005  1.0000 0.0005
16064079  0  11  1.0000 0.0005  1.0000 0.0005
16064080  0  11  1.0000 0.0005  1.0000 0.0005
16064081  0  11  1.0000 0.0005  1.0000 0.0005
16064082  0  11  1.0000 0.0005  1.0000 0.0005
16065001  0  11  1.0000 0.0005  1.0000 0.0005
16065002  0  11  1.0000 0.0005  1.0000 0.0005
16065003  0  11  1.0000 0.0005  1.0000 0.0005
16065004  0  11  1.0000 0.0005  1.0000 0.0005
16065005  0  11  1.0000 0.0005  1.0000 0.0005
16065006  0  11  1.0000 0.0005  1.0000 0.0005
16065007  0  11  1.0000 0.0005  1.0000 0.0005
16065008  0  11  1.0000 0.0005  1.0000 0.0005
16065009  0  11  1.0000 0.0005  1.0000 0.0005
16065010  0  11  1.0000 0.0005  1.0000 0.0005
16065011  0  11  1.0000 0.0005  1.0000 0.0005
16065012  0  11  1.0000 0.0005  1.0000 0.0005
16065013  0  11  1.0000 0.0005  1.0000 0.0005
16065014  0  11  1.0000 0.0005  1.0000 0.0005
16065015  0  11  1.0000 0.0005  1.0000 0.0005
16065016  0  11  1.0000 0.0005  1.0000 0.0005
16065017  0  11  1.0000 0.0005  1.0000 0.0005
16065018  0  11  1.0000 0.0005  1.0000 0.0005
16065023  0  11  1.0000 0.0005  1.0000 0.0005
16065024  0  11  1.0000 0.0005  1.0000 0.0005
16065025  0  11  1.0000 0.0005  1.0000 0.0005
16065026  0  11  1.0000 0.0005  1.0000 0.0005
16065027  0  11  1.0000 0.0005  1.0000 0.0005
16065028  0  11  1.0000 0.0005  1.0000 0.0005
16065036  0  11  1.0000 0.0005  1.0000 0.0005
16065037  0  11  1.0000 0.0005  1.0000 0.0005
16065038  0  11  1.0000 0.0005  1.0000 0.0005
16065039  0  11  1.0000 0.0005  1.0000 0.0005
16065041  0  11  1.0000 0.0005  1.0000 0.0005
16065042  0  11  1.0000 0.0005  1.0000 0.0005
16065043  0  11  1.0000 0.0005  1.0000 0.0005
16065044  0  11  1.0000 0.0005  1.0000 0.0005
16065045  0  11  1.0000 0.0005  1.0000 0.0005
16065046  0  11  1.0000 0.0005  1.0000 0.0005
16065047  0  11  1.0000 0.0005  1.0000 0.0005
16065048  0  11  1.0000 0.0005  1.0000 0.0005
16065059  0  11  1.0000 0.0005  1.0000 0.0005
16065060  0  11  1.0000 0.0005  1.0000 0.0005
16065061  0  11  1.0000 0.0005  1.0000 0.0005
16065072  0  11  1.0000 0.0005  1.0000 0.0005
16066001  0  11  1.0000 0.0005  1.0000 0.0005
16066002  0  11  1.0000 0.0005  1.0000 0.0005
16066003  0  11  1.0000 0.0005  1.0000 0.0005
16066004  0  11  1.0000 0.0005  1.0000 0.0005
16066005  0  11  1.0000 0.0005  1.0000 0.0005
16066006  0  11  1.0000 0.0005  1.0000 0.0005
16066007  0  11  1.0000 0.0005  1.0000 0.0005
16066008  0  11  1.0000 0.0005  1.0000 0.0005
16066009  0  11  1.0000 0.0005  1.0000 0.0005
16066010  0  11  1.0000 0.0005  1.0000 0.0005
16066011  0  11  1.0000 0.0005  1.0000 0.0005
16066012  0  11  1.0000 0.0005  1.0000 0.0005
16066015  0  11  1.0000 0.0005  1.0000 0.0005
16066016  0  11  1.0000 0.0005  1.0000 0.0005
16066017  0  11  1.0000 0.0005  1.0000 0.0005
16066018  0  11  1.0000 0.0005  1.0000 0.0005
16066019  0  11  1.0000 0.0005  1.0000 0.0005
16066020  0  11  1.0000 0.0005  1.0000 0.0005
16066021  0  11  1.0000 0.0005  1.0000 0.0005
16066026  0  11  1.0000 0.0005  1.0000 0.0005
16066027  0  11  1.0000 0.0005  1.0000 0.0005
16066028  0  11  1.0000 0.0005  1.0000 0.0005
16066029  0  11  1.0000 0.0005  1.0000 0.0005
16066030  0  11  1.0000 0.0005  1.0000 0.0005
16066031  0  11  1.0000 0.0005  1.0000 0.0005
16066032  0  11  1.0000 0.0005  1.0000 0.0005
16066033  0  11  1.0000 0.0005  1.0000 0.0005
16066035  0  11  1.0000 0.0005  1.0000 0.0005
16066046  0  11  1.0000 0.0005  1.0000 0.0005
16066047  0  11  1.0000 0.0005  1.0000 0.0005
16066048  0  11  1.0000 0.0005  1.0000 0.0005
16066049  0  11  1.0000 0.0005  1.0000 0.0005
16066050  0  11  1.0000 0.0005  1.0000 0.0005
16066051  0  11  1.0000 0.0005  1.0000 0.0005
16066052  0  11  1.0000 0.0005  1.0000 0.0005
16066053  0  11  1.0000 0.0005  1.0000 0.0005
16066054  0  11  1.0000 0.0005  1.0000 0.0005
16066055  0  11  1.0000 0.0005  1.0000 0.0005
16066057  0  11  1.0000 0.0005  1.0000 0.0005
16066059  0  11  1.0000 0.0005  1.0000 0.0005
16066060  0  11  1.0000 0.0005  1.0000 0.0005
16067001  0  11  1.0000 0.0005  1.0000 0.0005
16067002  0  11  1.0000 0.0005  1.0000 0.0005
16067003  0  11  1.0000 0.0005  1.0000 0.0005
16067004  0  11  1.0000 0.0005  1.0000 0.0005
16067005  0  11  1.0000 0.0005  1.0000 0.0005
16067006  0  11  1.0000 0.0005  1.0000 0.0005
16067013  0  11  1.0000 0.0005  1.0000 0.0005
16067014  0  11  1.0000 0.0005  1.0000 0.0005
16067015  0  11  1.0000 0.0005  1.0000 0.0005
16067016  0  11  1.0000 0.0005  1.0000 0.0005
16067017  0  11  1.0000 0.0005  1.0000 0.0005
16067019  0  11  1.0000 0.0005  1.0000 0.0005
16067020  0  11  1.0000 0.0005  1.0000 0.0005
16067021  0  11  1.0000 0.0005  1.0000 0.0005
16067022  0  11  1.0000 0.0005  1.0000 0.0005
16067039  0  11  1.0000 0.0005  1.0000 0.0005
16067040  0  11  1.0000 0.0005  1.0000 0.0005
16067041  0  11  1.0000 0.0005  1.0000 0.0005
16067042  0  11  1.0000 0.0005  1.0000 0.0005
16067043  0  11  1.0000 0.0005  1.0000 0.0005
16067044  0  11  1.0000 0.0005  1.0000 0.0005
16067045  0  11  1.0000 0.0005  1.0000 0.0005
16067046  0  11  1.0000 0.0005  1.0000 0.0005
16067047  0  11  1.0000 0.0005  1.0000 0.0005
16067048  0  11  1.0000 0.0005  1.0000 0.0005
16068001  0  11  1.0000 0.0005  1.0000 0.0005
16068002  0  11  1.0000 0.0005  1.0000 0.0005
16068003  0  11  1.0000 0.0005  1.0000 0.0005
16068004  0  11  1.0000 0.0005  1.0000 0.0005
16068005  0  11  1.0000 0.0005  1.0000 0.0005
16068006  0  11  1.0000 0.0005  1.0000 0.0005
16068007  0  11  1.0000 0.0005  1.0000 0.0005
16068008  0  11  1.0000 0.0005  1.0000 0.0005
16068009  0  11  1.0000 0.0005  1.0000 0.0005
16068010  0  11  1.0000 0.0005  1.0000 0.0005
16068012  0  11  1.0000 0.0005  1.0000 0.0005
16068013  0  11  1.0000 0.0005  1.0000 0.0005
16068014  0  11  1.0000 0.0005  1.0000 0.0005
16068015  0  11  1.0000 0.0005  1.0000 0.0005
16068016  0  11  1.0000 0.0005  1.0000 0.0005
16068017  0  11  1.0000 0.0005  1.0000 0.0005
16068018  0  11  1.0000 0.0005  1.0000 0.0005
16068021  0  11  1.0000 0.0005  1.0000 0.0005
16068022  0  11  1.0000 0.0005  1.0000 0.0005
16068023  0  11  1.0000 0.0005  1.0000 0.0005
16068024  0  11  1.0000 0.0005  1.0000 0.0005
16068025  0  11  1.0000 0.0005  1.0000 0.0005
16068026  0  11  1.0000 0.0005  1.0000 0.0005
16068027  0  11  1.0000 0.0005  1.0000 0.0005
16068028  0  11  1.0000 0.0005  1.0000 0.0005
16068029  0  11  1.0000 0.0005  1.0000 0.0005
16068030  0  11  1.0000 0.0005  1.0000 0.0005
16068031  0  11  1.0000 0.0005  1.0000 0.0005
16068032  0  11  1.0000 0.0005  1.0000 0.0005
16068033  0  11  1.0000 0.0005  1.0000 0.0005
16068034  0  11  1.0000 0.0005  1.0000 0.0005
16068035  0  11  1.0000 0.0005  1.0000 0.0005
16068036  0  11  1.0000 0.0005  1.0000 0.0005
16068037  0  11  1.0000 0.0005  1.0000 0.0005
16068038  0  11  1.0000 0.0005  1.0000 0.0005
16068039  0  11  1.0000 0.0005  1.0000 0.0005
16068040  0  11  1.0000 0.0005  1.0000 0.0005
16068042  0  11  1.0000 0.0005  1.0000 0.0005
16068043  0  11  1.0000 0.0005  1.0000 0.0005
16068055  0  11  1.0000 0.0005  1.0000 0.0005
16068056  0  11  1.0000 0.0005  1.0000 0.0005
16068057  0  11  1.0000 0.0005  1.0000 0.0005
16068058  0  11  1.0000 0.0005  1.0000 0.0005
16069001  0  11  1.0000 0.0005  1.0000 0.0005
16069002  0  11  1.0000 0.0005  1.0000 0.0005
16069003  0  11  1.0000 0.0005  1.0000 0.0005
16069004  0  11  1.0000 0.0005  1.0000 0.0005
16069005  0  11  1.0000 0.0005  1.0000 0.0005
16069006  0  11  1.0000 0.0005  1.0000 0.0005
16069007  0  11  1.0000 0.0005  1.0000 0.0005
16069008  0  11  1.0000 0.0005  1.0000 0.0005
16069009  0  11  1.0000 0.0005  1.0000 0.0005
16069010  0  11  1.0000 0.0005  1.0000 0.0005
16069011  0  11  1.0000 0.0005  1.0000 0.0005
16069012  0  11  1.0000 0.0005  1.0000 0.0005
16069013  0  11  1.0000 0.0005  1.0000 0.0005
16069014  0  11  1.0000 0.0005  1.0000 0.0005
16069015  0  11  1.0000 0.0005  1.0000 0.0005
16069016  0  11  1.0000 0.0005  1.0000 0.0005
16069023  0  11  1.0000 0.0005  1.0000 0.0005
16069024  0  11  1.0000 0.0005  1.0000 0.0005
16069025  0  11  1.0000 0.0005  1.0000 0.0005
16069026  0  11  1.0000 0.0005  1.0000 0.0005
16069027  0  11  1.0000 0.0005  1.0000 0.0005
16069028  0  11  1.0000 0.0005  1.0000 0.0005
16069029  0  11  1.0000 0.0005  1.0000 0.0005
16069030  0  11  1.0000 0.0005  1.0000 0.0005
16069031  0  11  1.0000 0.0005  1.0000 0.0005
16069032  0  11  1.0000 0.0005  1.0000 0.0005
16069033  0  11  1.0000 0.0005  1.0000 0.0005
16069034  0  11  1.0000 0.0005  1.0000 0.0005
16069035  0  11  1.0000 0.0005  1.0000 0.0005
16069036  0  11  1.0000 0.0005  1.0000 0.0005
16069037  0  11  1.0000 0.0005  1.0000 0.0005
16069038  0  11  1.0000 0.0005  1.0000 0.0005
16069039  0  11  1.0000 0.0005  1.0000 0.0005
16069040  0  11  1.0000 0.0005  1.0000 0.0005
16069041  0  11  1.0000 0.0005  1.0000 0.0005
16069042  0  11  1.0000 0.0005  1.0000 0.0005
16069045  0  11  1.0000 0.0005  1.0000 0.0005
16069046  0  11  1.0000 0.0005  1.0000 0.0005
16069047  0  11  1.0000 0.0005  1.0000 0.0005
16069048  0  11  1.0000 0.0005  1.0000 0.0005
16069049  0  11  1.0000 0.0005  1.0000 0.0005
16069050  0  11  1.0000 0.0005  1.0000 0.0005
16069052  0  11  1.0000 0.0005  1.0000 0.0005
16069053  0  11  1.0000 0.0005  1.0000 0.0005
16069054  0  11  1.0000 0.0005  1.0000 0.0005
16069055  0  11  1.0000 0.0005  1.0000 0.0005
16069056  0  11  1.0000 0.0005  1.0000 0.0005
16069058  0  11  1.0000 0.0005  1.0000 0.0005
16069059  0  11  1.0000 0.0005  1.0000 0.0005
16069060  0  11  1.0000 0.0005  1.0000 0.0005
16069061  0  11  1.0000 0.0005  1.0000 0.0005
16069062  0  11  1.0000 0.0005  1.0000 0.0005
16069063  0  11  1.0000 0.0005  1.0000 0.0005
16069064  0  11  1.0000 0.0005  1.0000 0.0005
16069065  0  11  1.0000 0.0005  1.0000 0.0005
16069066  0  11  1.0000 0.0005  1.0000 0.0005
16069067  0  11  1.0000 0.0005  1.0000 0.0005
16070002  0  11  1.0000 0.0005  1.0000 0.0005
16070003  0  11  1.0000 0.0005  1.0000 0.0005
16070004  0  11  1.0000 0.0005  1.0000 0.0005
16070005  0  11  1.0000 0.0005  1.0000 0.0005
16070006  0  11  1.0000 0.0005  1.0000 0.0005
16070007  0  11  1.0000 0.0005  1.0000 0.0005
16070008  0  11  1.0000 0.0005  1.0000 0.0005
16070009  0  11  1.0000 0.0005  1.0000 0.0005
16070010  0  11  1.0000 0.0005  1.0000 0.0005
16070011  0  11  1.0000 0.0005  1.0000 0.0005
16070012  0  11  1.0000 0.0005  1.0000 0.0005
16070013  0  11  1.0000 0.0005  1.0000 0.0005
16070014  0  11  1.0000 0.0005  1.0000 0.0005
16070015  0  11  1.0000 0.0005  1.0000 0.0005
16070035  0  11  1.0000 0.0005  1.0000 0.0005
16070036  0  11  1.0000 0.0005  1.0000 0.0005
16070037  0  11  1.0000 0.0005  1.0000 0.0005
16070038  0  11  1.0000 0.0005  1.0000 0.0005
16070039  0  11  1.0000 0.0005  1.0000 0.0005
16071001  0  11  1.0000 0.0005  1.0000 0.0005
16071002  0  11  1.0000 0.0005  1.0000 0.0005
16071003  0  11  1.0000 0.0005  1.0000 0.0005
16071004  0  11  1.0000 0.0005  1.0000 0.0005
16071005  0  11  1.0000 0.0005  1.0000 0.0005
16071006  0  11  1.0000 0.0005  1.0000 0.0005
16071007  0  11  1.0000 0.0005  1.0000 0.0005
16071008  0  11  1.0000 0.0005  1.0000 0.0005
16071009  0  11  1.0000 0.0005  1.0000 0.0005
16071010  0  11  1.0000 0.0005  1.0000 0.0005
16071011  0  11  1.0000 0.0005  1.0000 0.0005
16071012  0  11  1.0000 0.0005  1.0000 0.0005
16071013  0  11  1.0000 0.0005  1.0000 0.0005
16071014  0  11  1.0000 0.0005  1.0000 0.0005
16071015  0  11  1.0000 0.0005  1.0000 0.0005
16071016  0  11  1.0000 0.0005  1.0000 0.0005
16071017  0  11  1.0000 0.0005  1.0000 0.0005
16071018  0  11  1.0000 0.0005  1.0000 0.0005
16071019  0  11  1.0000 0.0005  1.0000 0.0005
16071020  0  11  1.0000 0.0005  1.0000 0.0005
16071021  0  11  1.0000 0.0005  1.0000 0.0005
16071022  0  11  1.0000 0.0005  1.0000 0.0005
16071023  0  11  1.0000 0.0005  1.0000 0.0005
16071024  0  11  1.0000 0.0005  1.0000 0.0005
16071025  0  11  1.0000 0.0005  1.0000 0.0005
16071026  0  11  1.0000 0.0005  1.0000 0.0005
16071027  0  11  1.0000 0.0005  1.0000 0.0005
16071042  0  11  1.0000 0.0005  1.0000 0.0005
16071043  0  11  1.0000 0.0005  1.0000 0.0005
16071044  0  11  1.0000 0.0005  1.0000 0.0005
16071045  0  11  1.0000 0.0005  1.0000 0.0005
16071046  0  11  1.0000 0.0005  1.0000 0.0005
16071049  0  11  1.0000 0.0005  1.0000 0.0005
16071050  0  11  1.0000 0.0005  1.0000 0.0005
16071051  0  11  1.0000 0.0005  1.0000 0.0005
16071052  0  11  1.0000 0.0005  1.0000 0.0005
16071053  0  11  1.0000 0.0005  1.0000 0.0005
16071054  0  11  1.0000 0.0005  1.0000 0.0005
16071055  0  11  1.0000 0.0005  1.0000 0.0005
16071056  0  11  1.0000 0.0005  1.0000 0.0005
16071057  0  11  1.0000 0.0005  1.0000 0.0005
16071058  0  11  1.0000 0.0005  1.0000 0.0005
16071059  0  11  1.0000 0.0005  1.0000 0.0005
16071060  0  11  1.0000 0.0005  1.0000 0.0005
16071061  0  11  1.0000 0.0005  1.0000 0.0005
16071062  0  11  1.0000 0.0005  1.0000 0.0005
16071069  0  11  1.0000 0.0005  1.0000 0.0005
16071070  0  11  1.0000 0.0005  1.0000 0.0005
16071072  0  11  1.0000 0.0005  1.0000 0.0005
16071073  0  11  1.0000 0.0005  1.0000 0.0005
16071074  0  11  1.0000 0.0005  1.0000 0.0005
16071076  0  11  1.0000 0.0005  1.0000 0.0005
16071077  0  11  1.0000 0.0005  1.0000 0.0005
16071078  0  11  1.0000 0.0005  1.0000 0.0005
16071079  0  11  1.0000 0.0005  1.0000 0.0005
16072001  0  11  1.0000 0.0005  1.0000 0.0005
16072002  0  11  1.0000 0.0005  1.0000 0.0005
16072003  0  11  1.0000 0.0005  1.0000 0.0005
16072005  0  11  1.0000 0.0005  1.0000 0.0005
16072006  0  11  1.0000 0.0005  1.0000 0.0005
16072007  0  11  1.0000 0.0005  1.0000 0.0005
16072008  0  11  1.0000 0.0005  1.0000 0.0005
16072009  0  11  1.0000 0.0005  1.0000 0.0005
16072010  0  11  1.0000 0.0005  1.0000 0.0005
16072011  0  11  1.0000 0.0005  1.0000 0.0005
16072012  0  11  1.0000 0.0005  1.0000 0.0005
16072013  0  11  1.0000 0.0005  1.0000 0.0005
16072014  0  11  1.0000 0.0005  1.0000 0.0005
16072021  0  11  1.0000 0.0005  1.0000 0.0005
16072022  0  11  1.0000 0.0005  1.0000 0.0005
16072023  0  11  1.0000 0.0005  1.0000 0.0005
16072024  0  11  1.0000 0.0005  1.0000 0.0005
16072025  0  11  1.0000 0.0005  1.0000 0.0005
16072026  0  11  1.0000 0.0005  1.0000 0.0005
16072027  0  11  1.0000 0.0005  1.0000 0.0005
16072031  0  11  1.0000 0.0005  1.0000 0.0005
16072032  0  11  1.0000 0.0005  1.0000 0.0005
16072033  0  11  1.0000 0.0005  1.0000 0.0005
16072034  0  11  1.0000 0.0005  1.0000 0.0005
16072035  0  11  1.0000 0.0005  1.0000 0.0005
16072036  0  11  1.0000 0.0005  1.0000 0.0005
16072038  0  11  1.0000 0.0005  1.0000 0.0005
16072039  0  11  1.0000 0.0005  1.0000 0.0005
16072040  0  11  1.0000 0.0005  1.0000 0.0005
16072041  0  11  1.0000 0.0005  1.0000 0.0005
16072042  0  11  1.0000 0.0005  1.0000 0.0005
16072043  0  11  1.0000 0.0005  1.0000 0.0005
16072046  0  11  1.0000 0.0005  1.0000 0.0005
16072047  0  11  1.0000 0.0005  1.0000 0.0005
16072048  0  11  1.0000 0.0005  1.0000 0.0005
16072055  0  11  1.0000 0.0005  1.0000 0.0005
16072056  0  11  1.0000 0.0005  1.0000 0.0005
16072057  0  11  1.0000 0.0005  1.0000 0.0005
16072058  0  11  1.0000 0.0005  1.0000 0.0005
16072059  0  11  1.0000 0.0005  1.0000 0.0005
16072060  0  11  1.0000 0.0005  1.0000 0.0005
16072061  0  11  1.0000 0.0005  1.0000 0.0005
16072062  0  11  1.0000 0.0005  1.0000 0.0005
16073001  0  11  1.0000 0.0005  1.0000 0.0005
16073003  0  11  1.0000 0.0005  1.0000 0.0005
16073004  0  11  1.0000 0.0005  1.0000 0.0005
16073007  0  11  1.0000 0.0005  1.0000 0.0005
16073008  0  11  1.0000 0.0005  1.0000 0.0005
16073009  0  11  1.0000 0.0005  1.0000 0.0005
16073010  0  11  1.0000 0.0005  1.0000 0.0005
16073011  0  11  1.0000 0.0005  1.0000 0.0005
16073012  0  11  1.0000 0.0005  1.0000 0.0005
16073013  0  11  1.0000 0.0005  1.0000 0.0005
16073014  0  11  1.0000 0.0005  1.0000 0.0005
16073015  0  11  1.0000 0.0005  1.0000 0.0005
16073017  0  11  1.0000 0.0005  1.0000 0.0005
16073018  0  11  1.0000 0.0005  1.0000 0.0005
16073019  0  11  1.0000 0.0005  1.0000 0.0005
16073020  0  11  1.0000 0.0005  1.0000 0.0005
16073021  0  11  1.0000 0.0005  1.0000 0.0005
16073023  0  11  1.0000 0.0005  1.0000 0.0005
16073024  0  11  1.0000 0.0005  1.0000 0.0005
16073025  0  11  1.0000 0.0005  1.0000 0.0005
16073026  0  11  1.0000 0.0005  1.0000 0.0005
16073029  0  11  1.0000 0.0005  1.0000 0.0005
16073030  0  11  1.0000 0.0005  1.0000 0.0005
16073031  0  11  1.0000 0.0005  1.0000 0.0005
16073032  0  11  1.0000 0.0005  1.0000 0.0005
16073033  0  11  1.0000 0.0005  1.0000 0.0005
16073034  0  11  1.0000 0.0005  1.0000 0.0005
16073035  0  11  1.0000 0.0005  1.0000 0.0005
16073037  0  11  1.0000 0.0005  1.0000 0.0005
16073038  0  11  1.0000 0.0005  1.0000 0.0005
16073039  0  11  1.0000 0.0005  1.0000 0.0005
16073040  0  11  1.0000 0.0005  1.0000 0.0005
16073042  0  11  1.0000 0.0005  1.0000 0.0005
16073043  0  11  1.0000 0.0005  1.0000 0.0005
16073044  0  11  1.0000 0.0005  1.0000 0.0005
16073045  0  11  1.0000 0.0005  1.0000 0.0005
16073046  0  11  1.0000 0.0005  1.0000 0.0005
16073047  0  11  1.0000 0.0005  1.0000 0.0005
16073048  0  11  1.0000 0.0005  1.0000 0.0005
16073049  0  11  1.0000 0.0005  1.0000 0.0005
16073050  0  11  1.0000 0.0005  1.0000 0.0005
16073051  0  11  1.0000 0.0005  1.0000 0.0005
16074024  0  11  1.0000 0.0005  1.0000 0.0005
16076019  0  11  1.0000 0.0005  1.0000 0.0005
16076028  0  11  1.0000 0.0005  1.0000 0.0005
16077011  0  11  1.0000 0.0005  1.0000 0.0005
16077019  0  11  1.0000 0.0005  1.0000 0.0005
16077020  0  11  1.0000 0.0005  1.0000 0.0005
16077021  0  11  1.0000 0.0005  1.0000 0.0005
16077026  0  11  1.0000 0.0005  1.0000 0.0005
16077027  0  11  1.0000 0.0005  1.0000 0.0005
16077028  0  11  1.0000 0.0005  1.0000 0.0005
16077029  0  11  1.0000 0.0005  1.0000 0.0005
16077030  0  11  1.0000 0.0005  1.0000 0.0005
16077031  0  11  1.0000 0.0005  1.0000 0.0005
16077032  0  11  1.0000 0.0005  1.0000 0.0005
16077033  0  11  1.0000 0.0005  1.0000 0.0005
16077034  0  11  1.0000 0.0005  1.0000 0.0005
16077035  0  11  1.0000 0.0005  1.0000 0.0005
16077036  0  11  1.0000 0.0005  1.0000 0.0005
16077037  0  11  1.0000 0.0005  1.0000 0.0005
16077038  0  11  1.0000 0.0005  1.0000 0.0005
16077039  0  11  1.0000 0.0005  1.0000 0.0005
16077040  0  11  1.0000 0.0005  1.0000 0.0005
16077041  0  11  1.0000 0.0005  1.0000 0.0005
16077043  0  11  1.0000 0.0005  1.0000 0.0005
16077044  0  11  1.0000 0.0005  1.0000 0.0005
16077045  0  11  1.0000 0.0005  1.0000 0.0005
16077046  0  11  1.0000 0.0005  1.0000 0.0005
16077047  0  11  1.0000 0.0005  1.0000 0.0005
16077048  0  11  1.0000 0.0005  1.0000 0.0005
16077054  0  11  1.0000 0.0005  1.0000 0.0005
16077055  0  11  1.0000 0.0005  1.0000 0.0005
16078001  0  11  1.0000 0.0005  1.0000 0.0005
16078002  0  11  1.0000 0.0005  1.0000 0.0005
16078003  0  11  1.0000 0.0005  1.0000 0.0005
16078004  0  11  1.0000 0.0005  1.0000 0.0005
16078005  0  11  1.0000 0.0005  1.0000 0.0005
16078006  0  11  1.0000 0.0005  1.0000 0.0005
16078007  0  11  1.0000 0.0005  1.0000 0.0005
16078008  0  11  1.0000 0.0005  1.0000 0.0005
16078009  0  11  1.0000 0.0005  1.0000 0.0005
16078010  0  11  1.0000 0.0005  1.0000 0.0005
16078011  0  11  1.0000 0.0005  1.0000 0.0005
16078012  0  11  1.0000 0.0005  1.0000 0.0005
16078013  0  11  1.0000 0.0005  1.0000 0.0005
16078014  0  11  1.0000 0.0005  1.0000 0.0005
16078015  0  11  1.0000 0.0005  1.0000 0.0005
16078024  0  11  1.0000 0.0005  1.0000 0.0005
16078025  0  11  1.0000 0.0005  1.0000 0.0005
16078027  0  11  1.0000 0.0005  1.0000 0.0005
16078028  0  11  1.0000 0.0005  1.0000 0.0005
16078029  0  11  1.0000 0.0005  1.0000 0.0005
16078030  0  11  1.0000 0.0005  1.0000 0.0005
16078031  0  11  1.0000 0.0005  1.0000 0.0005
16078032  0  11  1.0000 0.0005  1.0000 0.0005
16078033  0  11  1.0000 0.0005  1.0000 0.0005
16078034  0  11  1.0000 0.0005  1.0000 0.0005
16078035  0  11  1.0000 0.0005  1.0000 0.0005
16078036  0  11  1.0000 0.0005  1.0000 0.0005
